b,3,
s,20,1,
-0.245848,
-0.561454,
-0.023104,
0.456351,
-0.132641,
0.524347,
-0.139927,
-0.496418,
0.379664,
-0.909447,
0.756756,
-0.408404,
-0.0303977,
0.299581,
0.471629,
-0.985152,
-0.718692,
0.281754,
0.367244,
-0.0432034,
s,20,1,
-0.247626,
-0.601205,
-0.0843097,
0.440671,
-0.112425,
0.497306,
-0.135054,
-0.507474,
0.379244,
-1.00056,
0.79896,
-0.394368,
-0.0359557,
0.347987,
0.472401,
-1.02658,
-0.741964,
0.3538,
0.297263,
-0.146158,
s,1,1,
-0.199813,
p,3,
s,20,11,
-0.245524,-0.592467,-0.0852593,0.422584,-0.115071,0.477458,-0.134393,-0.499671,0.36469,-0.969996,0.775977,
-0.353062,-0.027675,0.35309,0.45913,-0.966502,-0.710237,0.353734,0.318428,-0.113929,-0.709116,0.81503,
0.386479,0.863252,0.20374,-0.370689,-0.457181,-0.872421,-0.550695,-0.362014,-0.25373,0.772858,0.0494294,
0.807274,-0.44063,0.0148138,-0.645868,-0.771025,-0.502488,-0.450107,-0.854707,0.989654,1.0209,-0.766119,
-0.0459699,0.140833,0.812762,0.00200385,0.299369,0.551397,0.682956,-0.170761,-0.963541,-0.413468,0.632903,
0.593685,0.561672,-0.443869,0.179064,-0.264119,-0.0285534,0.803065,0.580942,-0.019161,-0.306986,0.0959628,
0.619418,-0.532679,-0.332299,0.843595,-0.299047,-0.975203,-0.708235,0.847913,0.874775,0.196197,-0.837064,
0.321649,0.808088,-0.76301,0.675489,-0.146268,-0.471119,0.123719,0.62382,-0.702941,-0.89109,-0.967981,
0.0866325,-0.217642,0.225433,0.69216,0.63793,-0.311745,0.457635,0.957,-0.830061,0.107083,-0.232334,
-0.372713,-0.156896,-0.617281,0.652366,0.083123,-0.181017,0.42574,0.528688,0.413293,0.599363,-0.765465,
-0.571994,-0.179109,-0.718162,0.113193,0.877125,0.253977,-0.665058,-0.82315,0.658891,0.563485,-0.749947,
0.793617,-0.679175,-0.975166,0.118726,-0.1021,0.984626,-0.334002,0.743888,0.711608,-0.221665,0.122086,
0.662285,-0.99754,-0.95579,-0.0414115,0.26811,0.703449,0.363672,-0.0460127,0.69605,-0.501112,0.916092,
-0.86382,0.122881,-0.664392,0.671014,-0.170565,-0.82658,-0.73065,-0.602816,0.8126,0.24433,-0.0901,
0.746521,0.349167,0.464683,0.6547,0.721141,0.592183,0.926363,0.794123,0.248374,-0.067209,-0.728108,
0.116257,-0.0536161,-0.168074,-0.437303,0.942242,0.763307,0.76001,0.335271,-0.337328,-0.370913,0.521282,
-0.561757,0.4335,-0.861408,0.958428,0.813684,-0.148567,-0.0326228,-0.907403,-0.205892,0.578654,-0.807971,
0.331407,0.782055,-0.57936,0.573839,0.146888,-0.497786,0.951827,0.396874,0.54562,-0.633253,-0.943588,
-0.683933,0.412699,-0.256708,0.886186,-0.140246,-0.0839395,0.023092,0.785583,-0.837576,-0.853836,0.624014,
-0.524961,-0.364381,0.491788,0.605508,0.361749,0.0264058,0.975238,0.51232,-0.721517,-0.434995,0.72646,
s,20,20,
-0.240353,-0.591647,-0.0858256,0.416658,-0.115476,0.47384,-0.134934,-0.492031,0.365112,-0.963865,0.77985,-0.388524,-0.0439791,0.339568,0.451854,-0.99159,-0.726355,0.332426,0.287902,-0.145657,
-0.743798,0.782348,0.325325,0.838617,0.171125,-0.378996,-0.502164,-0.906719,-0.592108,-0.423698,-0.314456,0.699677,-0.0221699,0.771984,-0.463957,-0.00872922,-0.648068,-0.802045,-0.525876,-0.476096,
-0.88922,0.95703,0.983262,-0.803094,-0.0251182,0.14704,0.822288,0.00270399,0.313462,0.564416,0.695225,-0.149817,-0.943823,-0.389063,0.654654,0.551167,0.545256,-0.46561,0.176034,-0.295245,
-0.048537,0.781733,0.546479,-0.0488538,-0.341044,0.0670249,0.638371,-0.528226,-0.314395,0.848722,-0.28323,-0.954613,-0.687097,0.861967,0.901929,0.219365,-0.825082,0.337874,0.812365,-0.752724,
0.672336,-0.144447,-0.470169,0.123998,0.626975,-0.700748,-0.886315,-0.962255,0.0775385,-0.220967,0.220629,0.689448,0.630513,-0.316695,0.450582,0.947932,-0.836989,0.0975187,-0.240484,-0.423796,
-0.16692,-0.635038,0.662833,0.0580482,-0.19988,0.410779,0.485237,0.365712,0.553376,-0.816483,-0.537576,-0.157374,-0.693023,0.116234,0.910861,0.280043,-0.648269,-0.785751,0.689163,0.601626,
-0.721814,0.819706,-0.674134,-0.967081,0.112628,-0.0884474,0.997198,-0.319558,0.767891,0.736501,-0.192672,0.148271,0.653028,-0.999228,-0.962345,-0.0435696,0.264887,0.697636,0.359947,-0.0536841,
0.686888,-0.510155,0.903886,-0.831834,0.127965,-0.657942,0.66429,-0.142662,-0.813369,-0.710729,-0.568683,0.839428,0.276474,-0.0493823,0.721308,0.334032,0.458147,0.643156,0.709687,0.577491,
0.921884,0.785336,0.241567,-0.0738715,-0.734404,0.121946,-0.0495543,-0.167342,-0.431881,0.944628,0.766841,0.765825,0.341297,-0.335527,-0.364438,0.525879,-0.567986,0.436848,-0.861875,0.963775,
0.798786,-0.159251,-0.0518897,-0.936539,-0.236022,0.538166,-0.835814,0.383993,0.775043,-0.563411,0.558013,0.15491,-0.497468,0.976554,0.415377,0.573087,-0.575634,-0.909171,-0.767676,0.371981,
-0.283729,0.894989,-0.184219,-0.118197,-0.00967632,0.720825,-0.902746,-0.938797,0.551696,-0.61505,-0.393931,0.457094,0.612216,0.29682,-0.0182047,0.927316,0.416583,-0.804744,-0.535869,0.632214,
-0.487224,-1.00189,-0.553157,0.240746,-0.40274,-0.621159,0.813309,0.0846857,-0.509687,-0.0684766,0.787289,-0.883476,-0.390403,0.30884,0.624828,0.537382,-0.407359,0.850022,0.0969774,-0.453806,
0.108109,-0.583348,-0.73618,0.315286,-0.619778,0.784596,-0.245438,-0.729738,-0.0305607,0.845094,-0.0875674,0.549646,0.831684,-0.747968,0.907911,-0.402445,-0.0578091,-0.836089,-0.30532,0.698303,
0.621697,-0.101196,-0.414764,0.833612,-0.923232,0.460686,-0.398667,-0.781994,0.478016,0.975237,0.740301,-0.553095,-0.219675,0.101739,0.956291,0.178124,0.071985,-0.0555433,0.863599,0.330065,
0.376696,0.661342,0.921109,-0.634054,-0.915394,-0.954593,-0.676636,-0.671817,0.468828,-0.250782,0.912378,0.867433,0.0649307,0.0375586,0.754548,0.283894,-0.040124,0.900972,0.443232,-0.568392,
-0.7151,0.365649,-0.221693,-0.675168,0.0107892,-0.558225,-0.482588,-0.988651,0.84891,-0.883015,0.413124,0.661148,0.403207,0.430991,-0.0830513,0.706619,-0.546524,0.849959,-0.944928,-0.808957,
0.630047,-0.291804,-0.800257,0.444362,-0.554443,-0.516927,0.232445,0.681881,-0.469471,0.691679,-0.0035217,0.710237,-0.330047,0.440089,-0.873105,-0.167281,0.206824,0.849003,0.462,-0.924019,
-0.825029,-0.702512,-0.633113,-0.887806,-0.337941,-0.633627,-0.233563,0.115771,-0.34745,0.126148,-0.23567,0.89879,0.307443,0.970343,0.526462,0.245394,-0.767132,-0.757717,0.961415,0.179009,
-0.710696,-0.949227,0.451821,0.166036,0.900684,0.363582,-0.189767,0.0515615,-0.123841,-0.966749,0.32029,0.551008,0.123895,-0.364401,0.118023,-0.11451,-0.120369,0.641997,0.210787,0.226664,
0.410495,-0.76959,-0.971998,-0.267,-0.785165,-0.210017,0.634783,0.0972116,-0.676198,0.0945254,-0.576869,0.42507,0.542935,0.579481,0.0885571,0.463583,-0.046187,0.463929,-0.442412,0.972681,
s,1,20,
-0.218189,-0.58526,-0.0563651,0.446028,-0.0807401,0.511495,-0.108764,-0.463167,0.40613,-0.946665,0.818221,-0.368671,-0.0053911,0.375458,0.493698,-0.969717,-0.719939,0.354538,0.322598,-0.119533,
